514
750
939
384
904
730
602
463
210
327
929
508
830
238
628
418
-42
185
160
275
86
672
117
880
368
515
483
95
509
511
597
277
-33
-40
703
-23
741
245
302
789
377
340
-88
568
60
4
744
750
468
122
729
683
-76
79
808
489
192
277
833
993
-92
-61
711
861
279
877
967
285
77
576
865
352
740
413
450
943
-52
881
219
868
60
692
616
701
836
67
130
498
984
775
394
420
885
952
740
861
903
221
114
574
629
122
-55
724
112
478
975
803
381
894
590
688
767
110
59
06
18
606
473
50
165
707
729
475
930
43
543
333
242
923
861
280
194
87
9
251
96
249
512
409
331